1
0
3
1
3550
150
5
1
6900
300
5
1
7150
300
5
1
7300
300
6
1
7600
300
5
1
7800
300
6
1
2800
350
6
1
5200
350
6
1
1528
450
5
1
2150
450
5
1
981
510
1
1
4450
550
5
1
550
0
2
1
8050
0
2
1
550
50
2
1
8050
50
2
1
550
100
2
1
8050
100
2
1
550
150
2
1
8050
150
2
1
550
200
2
1
5900
200
2
1
5950
200
2
1
6000
200
2
1
6050
200
2
1
6100
200
2
1
6150
200
2
1
6200
200
2
1
6250
200
2
1
6300
200
2
1
8050
200
2
1
550
250
2
1
3450
250
2
1
3500
250
2
1
3550
250
2
1
3600
250
2
1
5700
250
2
1
5750
250
2
1
5800
250
2
1
5850
250
2
1
6300
250
2
1
6600
250
2
1
6650
250
2
1
6700
250
2
1
8050
250
2
1
550
300
2
1
3450
300
2
1
3650
300
2
1
5500
300
2
1
5550
300
2
1
5700
300
2
1
6300
300
2
1
8050
300
2
1
550
350
2
1
3450
350
2
1
3700
350
2
1
5700
350
2
1
6300
350
2
1
6450
350
7
1
8050
350
2
1
550
400
2
1
3350
400
7
1
3450
400
2
1
3750
400
2
1
3800
400
2
1
3850
400
2
1
4350
400
7
1
4600
400
2
1
4650
400
2
1
5700
400
2
1
6350
400
2
1
6400
400
2
1
6450
400
2
1
6500
400
2
1
8050
400
2
1
550
450
2
1
3000
450
2
1
3050
450
2
1
3100
450
2
1
3150
450
2
1
3200
450
2
1
3250
450
2
1
3300
450
2
1
3350
450
2
1
3400
450
2
1
3900
450
2
1
3950
450
2
1
4350
450
2
1
4600
450
2
1
4700
450
2
1
5350
450
7
1
5700
450
2
1
6550
450
2
1
6600
450
2
1
6650
450
2
1
6700
450
2
1
6750
450
2
1
6800
450
2
1
6850
450
2
1
6900
450
2
1
6950
450
2
1
7000
450
2
1
7050
450
2
1
7100
450
2
1
7150
450
2
1
7200
450
2
1
7250
450
2
1
7300
450
2
1
7350
450
2
1
7400
450
2
1
7450
450
2
1
7500
450
2
1
7550
450
2
1
7600
450
2
1
7650
450
2
1
7700
450
2
1
7750
450
2
1
7800
450
2
1
7850
450
2
1
7900
450
2
1
7950
450
2
1
8000
450
2
1
550
500
2
1
1550
500
2
1
1600
500
2
1
1650
500
2
1
1700
500
2
1
2600
500
2
1
2650
500
2
1
2700
500
2
1
2750
500
2
1
2800
500
2
1
2850
500
2
1
2900
500
2
1
2950
500
2
1
3950
500
2
1
4600
500
2
1
4750
500
2
1
4800
500
2
1
4850
500
2
1
4900
500
2
1
4950
500
2
1
5000
500
2
1
5050
500
2
1
5100
500
2
1
5150
500
2
1
5200
500
2
1
5250
500
2
1
5300
500
2
1
5350
500
2
1
5400
500
2
1
5450
500
2
1
5500
500
2
1
5550
500
2
1
5600
500
2
1
5650
500
2
1
550
550
2
1
1300
550
2
1
1350
550
2
1
1400
550
2
1
1450
550
2
1
1500
550
2
1
1700
550
2
1
2400
550
2
1
2450
550
2
1
2500
550
2
1
2550
550
2
1
3950
550
2
1
4150
550
7
1
4600
550
2
1
600
600
2
1
650
600
2
1
700
600
2
1
750
600
2
1
800
600
2
1
850
600
2
1
900
600
2
1
950
600
2
1
1000
600
2
1
1050
600
2
1
1100
600
2
1
1150
600
2
1
1200
600
2
1
1250
600
2
1
1750
600
2
1
1800
600
2
1
1850
600
2
1
1900
600
2
1
1950
600
2
1
2000
600
2
1
2050
600
2
1
2100
600
2
1
2150
600
2
1
2200
600
2
1
2250
600
2
1
2300
600
2
1
2350
600
2
1
4000
600
2
1
4050
600
2
1
4100
600
2
1
4150
600
2
1
4200
600
2
1
4250
600
2
1
4300
600
2
1
4350
600
2
1
4400
600
2
1
4450
600
2
1
4500
600
2
1
4550
600
2
1
4600
600
2
1
4650
600
2
1
4700
600
2
